
        'dallasftworth' => array(
                    75402,75244 , 75001, 75006, 75007, 75011, 75014, 75015, 75016, 75017, 75019, 75030, 75038, 75039, 75040, 75041, 75042, 75043, 75044, 75045, 75046, 75047, 75048, 75049, 75050, 75051, 75052, 75053, 75054, 75060, 75061, 75062, 75063, 75080, 75081, 75082, 75083, 75085, 75088, 75089, 75099, 75104, 75106, 75115, 75116, 75123, 75125, 75134, 75137, 75138, 75141, 75146, 75149, 75150, 75154, 75159, 75172, 75180, 75181, 75182, 75185, 75187, 75201, 75202, 75203, 75204, 75205, 75206, 75207, 75208, 75209, 75210, 75211, 75212, 75214, 75215, 75216, 75217, 75218, 75219, 75220, 75221, 75222, 75223, 75224, 75225, 75226, 75227, 75228, 75229, 75230, 75231, 75232, 75233, 75234, 75235, 75236, 75237, 75238, 75240, 75241, 75002, 75009, 75013, 75023, 75024, 75025, 75026, 75033, 75034, 75035,  75069, 75070, 75071, 75074, 75075, 75078, 75086, 75093, 75094, 75097, 75098, 75121, 75164, 75166, 75173, 75189, 75252, 75287, 75407, 75409, 75424, 75442, 75452, 75454, 75485, 75495, 75010, 75022, 75027, 75028, 75029, 75056, 75057, 75065, 75067, 75068, 75077, 76052, 76078, 76092, 76177, 76201, 76202, 76203, 76204, 76205, 76206, 76207, 76208, 76209, 76210, 76226, 76227, 76247, 76249, 76258, 76259, 76262, 76266, 76272, 75032, 75087, 75088, 75089, 75126, 75132, 75114, 75118, 75142, 75143, 75147, 75156, 75157, 75158, 75160, 75161, 75169, 75474, 76001, 76002, 76003, 76004, 76005, 76006, 76007, 76008, 76010, 76011, 76012, 76013, 76014, 76015, 76016, 76017, 76018, 76019, 76020, 76021, 76022, 76028, 76034, 76036, 76039, 76040, 76051, 76053, 76054, 76060, 76063, 76071, 76094, 76095, 76096, 76099, 76101, 76102, 76103, 76104, 76105, 76106, 76107, 76108, 76109, 76110, 76111, 76112, 76113, 76114, 76115, 76116, 76117, 76118, 76119, 76120, 76121, 76122, 76123, 76124, 76126, 76127, 76129, 76130, 76131, 76132, 76133, 76134, 76135, 76136, 76137, 76140, 76147, 76148, 76150, 76155, 76161, 76162, 76163, 76164, 76166, 76179, 76180, 76181, 76182, 76185, 76191, 76192, 76193, 76195, 76196, 76197, 76198, 76199, 76244, 76248, 
                ) ,
        'austin' => array(
                73301, 73344, 78610, 78612, 78617, 78620, 78645, 78651, 78652, 78653, 78654, 78660, 78663,  78669, 78691, 78701, 78702, 78703, 78704, 78705, 78708, 78709, 78710, 78711, 78712, 78713, 78714, 78715, 78716, 78718, 78719, 78720, 78721, 78722, 78723, 78724, 78725, 78726, 78727,  78730, 78731, 78732, 78733, 78734, 78735, 78736, 78737, 78738, 78739, 78741, 78742, 78744, 78745, 78746, 78747, 78748, 78749, 78751, 78752, 78753, 78754, 78755, 78756, 78757, 78758, 78759, 78760, 78761, 78762, 78763, 78764, 78765, 78766, 78767, 78768, 78769, 78772, 78773, 78774, 78778, 78779, 78780, 78781, 78783, 78785, 78789, 78799, 76511, 76527, 76530, 76537, 76573, 76574, 76577, 76578, 78613, 78615, 78621, 78626, 78627, 78628, 78630, 78633, 78634, 78641, 78642, 78646, 78664, 78665, 78673, 78674, 78680, 78681, 78682, 78683, 78717, 78728, 78729, 78750 , 78959 , 76701
            ) ,
        'stlouis' => array(
                 63099, 63197, 62062, 63195, 62067, 63199, 62060, 62061, 62074, 62071, 63074, 62088,63005, 62084, 62087, 63341, 63346, 63348, 63072, 63070, 63087, 63088, 62097, 62095, 62090, 63332, 63338, 62021, 62024, 62025, 62026, 62294, 62293, 62298, 62035, 62281, 62034, 62285, 62282, 62289, 62046, 62040, 63101, 63103, 63102, 63105, 63104, 63107, 63106, 62048, 63109, 63108, 63302, 63303, 63304, 62275, 63301, 62058, 62059, 62269, 62265, 62264, 62260, 62243, 62240, 62249, 63012, 63115, 63116, 63117, 63015, 63118, 63119, 63010, 63011, 63110, 63016, 63111, 63112, 63017, 63113, 63019, 63114, 62255, 62254, 62257, 62258, 63128, 63025, 63129, 63026, 63023, 63126, 63127, 63024, 63021, 63022, 63020, 63120, 63121, 63124, 63125, 63122, 63028, 63123, 62220, 62221, 62222, 62223, 62225, 62226, 62018, 63137, 63138, 63139, 63133, 63134, 62010, 63135, 63136, 62012, 63130, 63131, 63132, 62234, 62232, 62236, 62239, 63146, 63147, 63144, 63145, 63006, 62002, 63143, 62001, 63140, 63141, 62207, 63357, 62206, 63050, 62208, 63051, 62203, 62202, 62205, 62204, 62201, 63150, 63151, 63156, 63155, 63158, 63157, 63057, 63053, 63627, 63052, 63061, 63368, 63366, 63160, 63367, 63365, 63164, 63163, 63169, 63167, 63166, 63069, 63066, 63065, 63376, 63171, 63373, 63178, 63177, 63038, 63179, 63031, 63030, 63033, 63032, 63034, 63040, 63182, 63386, 63180, 63385, 63188, 63049, 63044, 63043, 63042, 63041, 63048, 63047, 63045
            ),
        'sanantonio' => array(
                78056, 78073, 78202, 78203, 78204, 78205, 78207, 78208, 78210, 78211, 78214, 78215, 78217, 78218, 78220, 78221, 78222, 78224, 78225, 78226, 78227, 78229, 78230, 78231, 78234, 78235, 78237, 78242, 78243, 78245, 78247, 78248, 78249, 78250, 78251, 78252, 78253, 78257, 78258, 78259, 78260, 78264
            ),
        
        'houston' => array( 77004, 77005, 77008, 77009, 77010, 77015, 77016, 77017, 77022, 77023, 77001, 77002, 77003, 77006, 77007, 77011, 77012, 77013, 77014, 77018, 77019, 77020, 77021, 77024, 77025, 77026, 77027, 77028, 77031, 77032, 77033, 77029, 77030, 77034, 77035, 77036, 77037, 77038, 77039, 77041, 77045, 77046, 77047, 77052, 77053, 77054, 77058, 77040, 77042, 77043, 77044, 77048, 77049, 77050, 77051, 77055, 77056, 77057, 77059, 77060, 77061, 77062, 77065, 77066, 77067, 77068, 77069, 77070, 77075, 77076, 77077, 77078, 77063, 77064, 77071, 77072, 77073, 77074, 77079, 77080, 77081, 77085, 77086, 77087, 77088, 77093, 77094, 77095, 77096, 77203, 77204, 77205, 77206, 77212, 77213, 77215, 77216, 77221, 77222, 77223, 77224, 77082, 77083, 77084, 77089, 77090, 77091, 77092, 77098, 77099, 77201, 77202, 77207, 77208, 77209, 77210, 77217, 77218, 77219, 77220, 77225, 77226, 77227, 77228, 77229, 77235, 77236, 77237, 77238, 77240, 77248, 77249, 77251, 77252, 77253, 77230, 77231, 77233, 77234, 77241, 77242, 77243, 77244, 77245, 77254, 77255, 77256, 77257, 77258, 77265, 77266, 77267, 77268, 77269, 77275, 77277, 77279, 77280, 77290, 77291, 77292, 77293, 77297, 77259, 77261, 77262, 77263, 77270, 77271, 77272, 77273, 77274, 77282, 77284, 77287, 77288, 77289, 77299 )
                 );